year    Brazil	Canada	China	France	Germany	India	Israel	Japan	SaudiArabia	UnitedKingdom	UnitedStates
1970	4706.126393	24629.215564	228.317703	20090.770923	19624.749759	365.057383	14476.725344	18435.455076	22133.904924	17934.191423	23309.620946
1971	5108.945626	25262.441350	237.813838	20985.170602	20202.433743	362.767725	14750.563777	19054.841724	25517.184135	18481.731208	23775.276923
1972	5586.683824	26216.591277	240.881889	21739.884077	20970.626433	352.550056	16127.116380	20370.673766	29931.470715	19211.556510	24760.145377
1973	6216.130816	27571.292534	253.714373	22903.302398	21903.403507	355.788210	16352.902703	21825.543720	35393.583566	20422.489067	25908.912802
1974	6617.883590	28080.940720	254.267485	23690.600278	22089.748966	351.708069	16901.495224	21150.496237	39125.445624	19906.842338	25540.501003
1975	6798.096714	28057.047887	271.599476	23298.340492	21980.087890	375.083373	17055.638892	21458.049820	33860.391587	19613.863820	25239.919906
1976	7287.519095	29128.014087	263.230622	24174.746998	23167.059261	372.642613	16732.882702	22146.595979	37905.118963	20189.605653	26347.809282
1977	7443.898645	29783.267924	279.324547	24907.284189	23996.772912	390.636680	16531.778366	22897.185145	38557.214887	20689.657017	27286.251514
1978	7504.296020	30651.632553	307.766195	25811.802598	24740.236527	403.633544	17085.997506	23887.179963	34657.430841	21557.849741	28500.240457
1979	7824.864356	31502.044296	326.768369	26641.929481	25755.657807	373.832253	17686.527449	24985.791175	36676.579817	22344.368377	29082.593778
1980	8339.269119	31769.783495	347.887413	26962.258783	26064.389314	389.926284	17555.374050	25489.166212	36518.045017	21865.128077	28734.399260
1981	7788.333546	32477.295536	361.224711	27132.702886	26162.454627	403.878043	18128.197415	26358.347887	34979.348502	21688.996341	29191.999488
1982	7653.559562	31060.644997	387.745581	27677.450585	26083.952145	408.324880	18161.403359	27064.101587	26017.961881	22132.998247	28362.494616
1983	7225.538359	31549.801704	423.593499	27876.663651	26563.644936	428.069168	18433.073989	27703.018898	20512.784349	23059.570217	29406.257469
1984	7439.110811	33099.374446	481.364596	28144.023419	27408.099813	434.366505	18363.527461	28756.637828	18427.004739	23547.164676	31268.975645
1985	7860.015578	34345.613960	538.690827	28437.249780	28108.893013	446.999769	18770.866975	30391.524934	15734.737370	24479.425426	32306.833057
1986	8314.878921	34737.275318	578.184040	28934.193414	28738.682612	458.086675	19257.140369	31062.093246	17509.058826	25185.830402	33133.695444
1987	8445.036995	35689.034221	635.494603	29499.257296	29096.910185	465.982729	20301.478541	32179.290398	15608.752709	26465.995011	33975.654795
1988	8276.542522	36791.759638	695.599054	30706.691072	30057.941478	500.013277	20548.910736	34332.258170	16921.548686	27925.081236	35083.969043
1989	8391.192292	36981.278773	713.689528	31852.750006	30988.589460	518.698716	20319.362638	36028.153127	16194.514299	28568.126539	36033.330203
1990	7986.045873	36489.266354	730.772489	32596.005188	32337.101023	536.162786	21141.296987	37906.163702	18002.738727	28691.292875	36312.414183
1991	7966.796468	35231.021206	787.867435	32908.557969	33742.219217	530.894738	21444.754977	39044.927269	20040.495704	28291.921960	35803.868421
1992	7796.841831	35108.519038	888.911004	33269.146912	34130.852398	548.895784	22323.835383	39267.120243	20226.854221	28321.034526	36566.173770
1993	8027.189384	35648.477988	1000.611810	32922.363003	33583.006036	563.749688	22633.175722	39237.326692	19413.782933	28967.155045	37078.049684
1994	8319.209024	36893.981886	1118.499577	33569.330886	34289.124749	589.708788	23692.851616	39441.570730	19041.058398	30014.581399	38104.972468
1995	8547.941160	37569.468240	1227.556407	34145.705416	34782.568625	622.303683	24592.248121	40368.705109	18648.856867	30674.605547	38677.715088
1996	8598.014959	37765.732451	1335.362680	34497.283908	34965.690886	656.697144	25230.310306	41514.862495	18744.780515	31373.341190	39681.519858
1997	8750.274058	38967.953101	1443.774742	35178.934539	35560.209286	670.610122	25508.753756	41861.911038	18588.304345	32556.316695	40965.846645
1998	8644.420843	40131.701834	1542.064130	36295.935347	36258.674432	699.068855	25970.833783	41277.077476	18763.585928	33480.166013	42292.891201
1999	8554.834439	41856.045592	1645.987996	37339.980975	36955.289607	747.252036	26233.305585	41097.961196	17690.917569	34442.107095	43768.884993
2000	8778.188141	43638.283155	1771.741506	38522.210279	37998.425312	762.313341	27636.340774	42169.697876	18263.230082	35576.766847	45055.817918
2001	8776.863719	43964.954594	1905.610780	38990.306133	38577.725629	785.344628	26999.365062	42239.113089	17585.390455	36341.709750	45047.487198
2002	8924.333528	44883.828396	2065.718579	39140.714764	38512.920041	801.507933	26503.843351	42190.778633	16619.434659	37077.648355	45428.645678
2003	8910.855624	45239.811391	2258.912105	39182.779389	38218.349646	850.293265	26229.399767	42743.993910	17954.949794	38132.841086	46304.036090
2004	9309.008195	46170.920197	2472.586556	39979.119715	38673.888113	902.905794	26947.444502	43671.680357	18822.730041	38813.021694	47614.279862
2005	9495.104939	47181.562394	2738.205460	40316.812760	38969.321698	971.229761	27570.945566	44393.662740	19309.312067	39740.902921	48755.616061
2006	9761.876402	48035.035792	3069.304781	40987.549076	40456.857380	1044.893940	28499.325927	44995.521508	19304.550232	40418.747305	49575.401014
2007	10245.230813	48552.696431	3487.845766	41696.692239	41831.867088	1130.090071	29614.075151	45687.345751	19136.159234	41050.405926	49979.533843
2008	10658.225308	48510.567773	3805.025999	41545.294092	42365.097496	1156.932527	29962.005614	45165.887162	19792.720384	40536.134857	49364.644550
2009	10540.108767	46543.792200	4142.038286	40116.379527	40086.104759	1237.339786	29658.522632	42724.534911	18861.109998	38545.915816	47575.608563
2010	11224.154083	47447.476024	4560.512586	40703.345921	41785.556913	1345.770153	30642.940617	44507.676386	19259.587257	38893.018494	48373.878816
2011	11559.212271	48456.964574	4971.544929	41349.191571	44125.331412	1416.403391	31482.997157	44538.726191	20575.497951	39150.756019	48783.468587
2012	11671.182943	48724.245800	5336.060143	41224.729662	44259.259905	1474.967674	31507.478563	45276.874335	21056.347147	39455.412136	49497.585853
2013	11912.146756	49359.422470	5721.693819	41249.449408	44354.736887	1550.142230	32196.358171	46249.209589	21005.012123	39996.501902	49976.628767
2014	11866.388922	50221.841982	6108.238775	41431.038668	45022.565349	1646.781252	32661.294135	46484.155267	21183.464888	40908.745855	50881.106863
2015	11322.146680	50303.836848	6496.624013	41689.707979	45412.556808	1758.043376	32993.314276	47163.494211	21507.955693	41536.919115	51956.583468
2016	10826.271435	50407.341330	6893.776361	42015.738294	45845.526542	1861.491029	33677.461945	47660.893039	21395.359780	42039.736364	52364.244025